% S9 - N3 parameters
kd = -0.0005;
td = 0.01;
tl1 = 0.0000199;
tl2 = 0.0000121;